/webcam_publisher:
  ros__parameters:
    info_rate: 300
    D: [-0.3297965374103349, 0.058013446636630356, -0.016042018317128346, 0.00260740497283618, 0.0]
    K: [590.634500882652, 0.0, 330.47978645680627, 0.0, 589.8505479270051, 260.7624859009078, 0.0, 0.0, 1.0]
    R: [1.0, 0.0, 0.0, 0.0, 1.0, 0.0, 0.0, 0.0, 1.0]
    P: [521.2368774414062, 0.0, 335.5755122533992, 0.0, 0.0, 554.77783203125, 257.0969471160788, 0.0, 0.0, 0.0, 1.0, 0.0]
    
    width: 640
    height: 480

    camera_matrix: [590.634501, 0.000000, 330.479786, 0.000000, 589.850548, 260.762486, 0.000000, 0.000000, 1.000000]
      
    distortion: [-0.329797, 0.058013, -0.016042, 0.002607, 0.000000]
    rectification: [1.000000, 0.000000, 0.000000, 0.000000, 1.000000, 0.000000, 0.000000, 0.000000, 1.000000]
    projection: [521.236877, 0.000000, 335.575512, 0.000000, 0.000000, 554.777832, 257.096947, 0.000000, 0.000000, 0.000000, 1.000000, 0.000000]
    use_sim_time: false
